## trainnig 
# mean cindex: [0.54603247 0.57154388 0.63490339 0.5        0.5       ] 
# best alpha: [0.039810717055349734] 
## validation 
# cindex:0.7786630150628657 
# features in: 824+age+treatment, features out: 10 
## baseline 
## features: ['age', 'treatGroup=Endo', 'treatGroup=EndoCyto', 'treatGroup=EndoCytoImmu'] 
# cindex: 0.6310842773559069 
# base_mean_auc: 0.6259041297743244 
AUC,base,time,mean
0.8430808077440725,0.6936798375503709,724.0,0.7656428797617135
0.8117152838654267,0.672641890448832,784.0,0.7656428797617135
0.8139050181697307,0.6746192148407035,844.0,0.7656428797617135
0.82434164640629,0.691651554175667,904.0,0.7656428797617135
0.8361210750227618,0.6979299012769975,964.0,0.7656428797617135
0.803529834695697,0.6741355033581213,1024.0,0.7656428797617135
0.803529834695697,0.6741355033581213,1084.0,0.7656428797617135
0.8032872289959611,0.6731990348707306,1144.0,0.7656428797617135
0.7938643694430304,0.6880064012716405,1204.0,0.7656428797617135
0.7941478908632047,0.6894737387462043,1264.0,0.7656428797617135
0.8098970914912855,0.6667244313268927,1324.0,0.7656428797617135
0.8098970914912855,0.6667244313268927,1384.0,0.7656428797617135
0.7949418100547807,0.682851536368521,1444.0,0.7656428797617135
0.7954660070520845,0.6833443822377268,1504.0,0.7656428797617135
0.8059554051360251,0.6595554312172538,1564.0,0.7656428797617135
0.8235943318221502,0.649750840043887,1624.0,0.7656428797617135
0.8224792881585923,0.6496941827975795,1684.0,0.7656428797617135
0.8213075342850515,0.6495800585974765,1744.0,0.7656428797617135
0.8216556533355038,0.6524216897109432,1804.0,0.7656428797617135
0.8159104246399509,0.6585567477017442,1864.0,0.7656428797617135
0.8113840105207373,0.6624693065138932,1924.0,0.7656428797617135
0.7056067840443228,0.5945254075108373,1984.0,0.7656428797617135
0.7296629511316391,0.6481065478321177,2044.0,0.7656428797617135
0.7289860980152356,0.6436930217515346,2104.0,0.7656428797617135
0.6735526942760425,0.6101310335079018,2164.0,0.7656428797617135
0.7051285179021852,0.4917752521971975,2224.0,0.7656428797617135
