## trainnig 
# mean cindex: [0.60036612 0.65270306 0.65287676 0.54340935 0.5       ] 
# best alpha: [0.039810717055349734] 
## validation 
# cindex:0.7287439312834557 
# features in: 5345+age+treatment, features out: 12 
## baseline 
## features: ['age', 'treatGroup=Endo', 'treatGroup=EndoCyto', 'treatGroup=EndoCytoImmu'] 
# cindex: 0.6310842773559069 
# base_mean_auc: 0.6259041297743244 
AUC,base,time,mean
0.7626391769892383,0.6936798375503709,724.0,0.7098888372869998
0.704820424016628,0.672641890448832,784.0,0.7098888372869998
0.7069720376016798,0.6746192148407035,844.0,0.7098888372869998
0.7266533686620182,0.691651554175667,904.0,0.7098888372869998
0.74532298153471,0.6979299012769975,964.0,0.7098888372869998
0.7319372468598924,0.6741355033581213,1024.0,0.7098888372869998
0.7319372468598924,0.6741355033581213,1084.0,0.7098888372869998
0.7322078688111473,0.6731990348707306,1144.0,0.7098888372869998
0.7149008926208666,0.6880064012716405,1204.0,0.7098888372869998
0.7144540825416004,0.6894737387462043,1264.0,0.7098888372869998
0.734534368522472,0.6667244313268927,1324.0,0.7098888372869998
0.734534368522472,0.6667244313268927,1384.0,0.7098888372869998
0.7388428260390122,0.682851536368521,1444.0,0.7098888372869998
0.7393536672857867,0.6833443822377268,1504.0,0.7098888372869998
0.7486276249860835,0.6595554312172538,1564.0,0.7098888372869998
0.7697400028085972,0.649750840043887,1624.0,0.7098888372869998
0.7701142458470782,0.6496941827975795,1684.0,0.7098888372869998
0.7691872625679135,0.6495800585974765,1744.0,0.7098888372869998
0.7693853475778805,0.6524216897109432,1804.0,0.7098888372869998
0.7617343206945602,0.6585567477017442,1864.0,0.7098888372869998
0.7535083896725412,0.6624693065138932,1924.0,0.7098888372869998
0.6670585651611687,0.5945254075108373,1984.0,0.7098888372869998
0.6827242762569976,0.6481065478321177,2044.0,0.7098888372869998
0.6832416909957295,0.6436930217515346,2104.0,0.7098888372869998
0.6166656250911544,0.6101310335079018,2164.0,0.7098888372869998
0.6928525731126549,0.4917752521971975,2224.0,0.7098888372869998
