## trainnig 
# mean cindex: [0.74140313 0.73939141 0.7342641  0.72941005 0.72111097] 
# best alpha: [0.012589254117941675] 
## validation 
# cindex:0.7098219843147019 
# features in: 6+age+treatment, features out: 7 
## baseline 
## features: ['age', 'treatGroup=Endo', 'treatGroup=EndoCyto', 'treatGroup=EndoCytoImmu'] 
# cindex: 0.6310842773559069 
# base_mean_auc: 0.6259041297743244 
AUC,base,time,mean
0.7344896651321281,0.6936798375503709,724.0,0.6905813314834243
0.6786440054429775,0.672641890448832,784.0,0.6905813314834243
0.6810159126227531,0.6746192148407035,844.0,0.6905813314834243
0.7025954180519542,0.691651554175667,904.0,0.6905813314834243
0.7217341578155245,0.6979299012769975,964.0,0.6905813314834243
0.6991844053668537,0.6741355033581213,1024.0,0.6905813314834243
0.6991844053668537,0.6741355033581213,1084.0,0.6905813314834243
0.6994445949944268,0.6731990348707306,1144.0,0.6905813314834243
0.692242811868,0.6880064012716405,1204.0,0.6905813314834243
0.6917577647507331,0.6894737387462043,1264.0,0.6905813314834243
0.7121281606433348,0.6667244313268927,1324.0,0.6905813314834243
0.7121281606433348,0.6667244313268927,1384.0,0.6905813314834243
0.7203737573202587,0.682851536368521,1444.0,0.6905813314834243
0.7214837807566408,0.6833443822377268,1504.0,0.6905813314834243
0.7293511528409979,0.6595554312172538,1564.0,0.6905813314834243
0.7517248251748243,0.649750840043887,1624.0,0.6905813314834243
0.7515090440890537,0.6496941827975795,1684.0,0.6905813314834243
0.7506056107247212,0.6495800585974765,1744.0,0.6905813314834243
0.7518172252348174,0.6524216897109432,1804.0,0.6905813314834243
0.7451547041797131,0.6585567477017442,1864.0,0.6905813314834243
0.7406750430432993,0.6624693065138932,1924.0,0.6905813314834243
0.6401392596488463,0.5945254075108373,1984.0,0.6905813314834243
0.6667101984688648,0.6481065478321177,2044.0,0.6905813314834243
0.6573541292705556,0.6436930217515346,2104.0,0.6905813314834243
0.6096439734945729,0.6101310335079018,2164.0,0.6905813314834243
0.6855916302557046,0.4917752521971975,2224.0,0.6905813314834243
