## trainnig 
# mean cindex: [0.7791446  0.76857048 0.75081021 0.72430128 0.69722919] 
# best alpha: [0.012589254117941675] 
## validation 
# cindex:0.7434333374828831 
# features in: 41+age+treatment, features out: 29 
## baseline 
## features: ['age', 'treatGroup=Endo', 'treatGroup=EndoCyto', 'treatGroup=EndoCytoImmu'] 
# cindex: 0.6310842773559069 
# base_mean_auc: 0.6259041297743244 
AUC,base,time,mean
0.7620758068659266,0.6936798375503709,724.0,0.7339893719558382
0.745246631657608,0.672641890448832,784.0,0.7339893719558382
0.748434064600983,0.6746192148407035,844.0,0.7339893719558382
0.7678053904287481,0.691651554175667,904.0,0.7339893719558382
0.7887380203828018,0.6979299012769975,964.0,0.7339893719558382
0.7594146386475912,0.6741355033581213,1024.0,0.7339893719558382
0.7594146386475912,0.6741355033581213,1084.0,0.7339893719558382
0.7594717349124165,0.6731990348707306,1144.0,0.7339893719558382
0.7599517945669134,0.6880064012716405,1204.0,0.7339893719558382
0.7591789010896718,0.6894737387462043,1264.0,0.7339893719558382
0.7690740092306811,0.6667244313268927,1324.0,0.7339893719558382
0.7690740092306811,0.6667244313268927,1384.0,0.7339893719558382
0.7467963519408993,0.682851536368521,1444.0,0.7339893719558382
0.7476611215670366,0.6833443822377268,1504.0,0.7339893719558382
0.7619013043231233,0.6595554312172538,1564.0,0.7339893719558382
0.7783475303348545,0.649750840043887,1624.0,0.7339893719558382
0.7788570708734281,0.6496941827975795,1684.0,0.7339893719558382
0.777996680227165,0.6495800585974765,1744.0,0.7339893719558382
0.7779231900560822,0.6524216897109432,1804.0,0.7339893719558382
0.7693134161752113,0.6585567477017442,1864.0,0.7339893719558382
0.759002342848902,0.6624693065138932,1924.0,0.7339893719558382
0.6595003020016952,0.5945254075108373,1984.0,0.7339893719558382
0.6869813246455385,0.6481065478321177,2044.0,0.7339893719558382
0.6782179149126608,0.6436930217515346,2104.0,0.7339893719558382
0.7218277756908723,0.6101310335079018,2164.0,0.7339893719558382
0.7270612771714785,0.4917752521971975,2224.0,0.7339893719558382
