## trainnig 
# mean cindex: [0.74434301 0.73464542 0.72103576 0.70751562 0.69965482] 
# best alpha: [0.012589254117941675] 
## validation 
# cindex:0.772065230922445 
# features in: 37+age+treatment, features out: 31 
## baseline 
## features: ['age', 'treatGroup=Endo', 'treatGroup=EndoCyto', 'treatGroup=EndoCytoImmu'] 
# cindex: 0.6310842773559069 
# base_mean_auc: 0.6259041297743244 
AUC,base,time,mean
0.7805776327339919,0.6936798375503709,724.0,0.7739585409803222
0.7413087153707913,0.672641890448832,784.0,0.7739585409803222
0.7433287979385461,0.6746192148407035,844.0,0.7739585409803222
0.7587417267704328,0.691651554175667,904.0,0.7739585409803222
0.7773374243898263,0.6979299012769975,964.0,0.7739585409803222
0.7777887346249104,0.6741355033581213,1024.0,0.7739585409803222
0.7777887346249104,0.6741355033581213,1084.0,0.7739585409803222
0.7770071408624648,0.6731990348707306,1144.0,0.7739585409803222
0.7749163668447827,0.6880064012716405,1204.0,0.7739585409803222
0.7744592046236182,0.6894737387462043,1264.0,0.7739585409803222
0.7903470788739282,0.6667244313268927,1324.0,0.7739585409803222
0.7903470788739282,0.6667244313268927,1384.0,0.7739585409803222
0.7856688691434741,0.682851536368521,1444.0,0.7739585409803222
0.7856610172304649,0.6833443822377268,1504.0,0.7739585409803222
0.7848117537243363,0.6595554312172538,1564.0,0.7739585409803222
0.8023942754769962,0.649750840043887,1624.0,0.7739585409803222
0.8010647115182687,0.6496941827975795,1684.0,0.7739585409803222
0.8006347347960769,0.6495800585974765,1744.0,0.7739585409803222
0.802256280965316,0.6524216897109432,1804.0,0.7739585409803222
0.7962068627708683,0.6585567477017442,1864.0,0.7739585409803222
0.7915287298496385,0.6624693065138932,1924.0,0.7739585409803222
0.7221498378674261,0.5945254075108373,1984.0,0.7739585409803222
0.735223241867037,0.6481065478321177,2044.0,0.7739585409803222
0.731436929813352,0.6436930217515346,2104.0,0.7739585409803222
0.7634446993222868,0.6101310335079018,2164.0,0.7739585409803222
0.8107435121331086,0.4917752521971975,2224.0,0.7739585409803222
