## trainnig 
# mean cindex: [0.74611154 0.67352815 0.63738043 0.5        0.5       ] 
# best alpha: [0.015848931924611134] 
## validation 
# cindex:0.7552595543383542 
# features in: 1059+age+treatment, features out: 113 
## baseline 
## features: ['age', 'treatGroup=Endo', 'treatGroup=EndoCyto', 'treatGroup=EndoCytoImmu'] 
# cindex: 0.6310842773559069 
# base_mean_auc: 0.6259041297743244 
AUC,base,time,mean
0.7748748987853987,0.6936798375503709,724.0,0.7387855994981909
0.7266901362271245,0.672641890448832,784.0,0.7387855994981909
0.7292622526959449,0.6746192148407035,844.0,0.7387855994981909
0.7501006460887957,0.691651554175667,904.0,0.7387855994981909
0.7701773767307158,0.6979299012769975,964.0,0.7387855994981909
0.7702859789137252,0.6741355033581213,1024.0,0.7387855994981909
0.7702859789137252,0.6741355033581213,1084.0,0.7387855994981909
0.7694587756940686,0.6731990348707306,1144.0,0.7387855994981909
0.7824934686944687,0.6880064012716405,1204.0,0.7387855994981909
0.7833766423000612,0.6894737387462043,1264.0,0.7387855994981909
0.7936022165324035,0.6667244313268927,1324.0,0.7387855994981909
0.7936022165324035,0.6667244313268927,1384.0,0.7387855994981909
0.7979493043492206,0.682851536368521,1444.0,0.7387855994981909
0.7989679564939529,0.6833443822377268,1504.0,0.7387855994981909
0.8114037265815216,0.6595554312172538,1564.0,0.7387855994981909
0.7929029908931295,0.649750840043887,1624.0,0.7387855994981909
0.7948475485007345,0.6496941827975795,1684.0,0.7387855994981909
0.7945498194046348,0.6495800585974765,1744.0,0.7387855994981909
0.7930190395048822,0.6524216897109432,1804.0,0.7387855994981909
0.7866569215173089,0.6585567477017442,1864.0,0.7387855994981909
0.784287064468129,0.6624693065138932,1924.0,0.7387855994981909
0.6797695994406544,0.5945254075108373,1984.0,0.7387855994981909
0.6707970218504883,0.6481065478321177,2044.0,0.7387855994981909
0.6755126949261075,0.6436930217515346,2104.0,0.7387855994981909
0.7059486497728632,0.6101310335079018,2164.0,0.7387855994981909
0.721677605079363,0.4917752521971975,2224.0,0.7387855994981909
